E:\Software\J8\bin\java.exe "-javaagent:E:\Software\IJ\IntelliJ IDEA 2021.3.2\lib\idea_rt.jar=8073:E:\Software\IJ\IntelliJ IDEA 2021.3.2\bin" -Dfile.encoding=UTF-8 -classpath E:\Software\J8\jre\lib\charsets.jar;E:\Software\J8\jre\lib\ext\access-bridge-64.jar;E:\Software\J8\jre\lib\ext\cldrdata.jar;E:\Software\J8\jre\lib\ext\dnsns.jar;E:\Software\J8\jre\lib\ext\jaccess.jar;E:\Software\J8\jre\lib\ext\jfxrt.jar;E:\Software\J8\jre\lib\ext\localedata.jar;E:\Software\J8\jre\lib\ext\nashorn.jar;E:\Software\J8\jre\lib\ext\sunec.jar;E:\Software\J8\jre\lib\ext\sunjce_provider.jar;E:\Software\J8\jre\lib\ext\sunmscapi.jar;E:\Software\J8\jre\lib\ext\sunpkcs11.jar;E:\Software\J8\jre\lib\ext\zipfs.jar;E:\Software\J8\jre\lib\jce.jar;E:\Software\J8\jre\lib\jfr.jar;E:\Software\J8\jre\lib\jfxswt.jar;E:\Software\J8\jre\lib\jsse.jar;E:\Software\J8\jre\lib\management-agent.jar;E:\Software\J8\jre\lib\resources.jar;E:\Software\J8\jre\lib\rt.jar;D:\windows\desktop\大数据\作业3\lib\weka.jar;D:\windows\desktop\大数据\作业3\out\production\作业3 PCA
十月 08, 2022 10:15:28 下午 com.github.fommil.netlib.LAPACK <clinit>
警告: Failed to load implementation from: com.github.fommil.netlib.NativeSystemLAPACK
十月 08, 2022 10:15:28 下午 com.github.fommil.netlib.LAPACK <clinit>
警告: Failed to load implementation from: com.github.fommil.netlib.NativeRefLAPACK
	Principal Components Attribute Transformer

Correlation matrix
  1      0.13   0.14  -0.08  -0.07   0.02  -0.03   0.54   0.22 
  0.13   1      0.15   0.06   0.33   0.22   0.14   0.26   0.47 
  0.14   0.15   1      0.21   0.09   0.28   0.04   0.24   0.07 
 -0.08   0.06   0.21   1      0.44   0.39   0.18  -0.11   0.07 
 -0.07   0.33   0.09   0.44   1      0.2    0.19  -0.04   0.13 
  0.02   0.22   0.28   0.39   0.2    1      0.14   0.04   0.29 
 -0.03   0.14   0.04   0.18   0.19   0.14   1      0.03   0.17 
  0.54   0.26   0.24  -0.11  -0.04   0.04   0.03   1      0.24 
  0.22   0.47   0.07   0.07   0.13   0.29   0.17   0.24   1    


eigenvalue	proportion	cumulative
  2.3525 	  0.26139	  0.26139	-0.437plas-0.416class=tested_positive-0.397mass...
  1.77431	  0.19715	  0.45853	0.533age+0.527preg-0.448skin...
  1.12023	  0.12447	  0.583  	0.63 pres-0.395class=tested_positive-0.391plas...
  0.88195	  0.09799	  0.681  	0.874pedi-0.327plas-0.182class=tested_positive...
  0.84462	  0.09385	  0.77485	-0.65insu+0.527mass+0.378class=tested_positive...
  0.73487	  0.08165	  0.8565 	-0.608pres+0.457preg+0.398skin...
  0.48842	  0.05427	  0.91077	0.58 class=tested_positive-0.573mass+0.327pres...
  0.41818	  0.04646	  0.95723	-0.615age+0.541preg-0.435skin...

Eigenvectors
 V1	 V2	 V3	 V4	 V5	 V6	 V7	 V8	
-0.216 	 0.5274	 0.1645	 0.1609	-0.2118	 0.4568	 0.0785	 0.5406	preg
-0.4368	 0.0956	-0.3914	-0.3271	-0.1088	-0.3827	-0.208 	-0.0252	plas
-0.3005	 0.0463	 0.6297	 0.0111	 0.0594	-0.6079	 0.3267	 0.1628	pres
-0.3073	-0.4484	 0.2943	 0.074 	-0.1718	 0.398 	 0.282 	-0.4349	skin
-0.3363	-0.3553	-0.1417	-0.0976	-0.6504	 0.0087	-0.0822	 0.2688	insu
-0.3973	-0.2103	 0.2519	-0.1632	 0.5275	 0.241 	-0.5725	 0.1665	mass
-0.2376	-0.1752	-0.2853	 0.8735	 0.1566	-0.1716	-0.0572	 0.0932	pedi
-0.2787	 0.5332	 0.1261	 0.1711	-0.2043	-0.0011	-0.2994	-0.6149	age
-0.4157	 0.1548	-0.3946	-0.1817	 0.3779	 0.1714	 0.5804	-0.0683	class=tested_positive

@relation 'pima_diabetes-weka.filters.unsupervised.attribute.ReplaceMissingValues-weka.filters.unsupervised.attribute.Standardize-weka.filters.unsupervised.attribute.Normalize-S1.0-T0.0-weka.filters.unsupervised.attribute.ReplaceMissingValues-weka.filters.unsupervised.attribute.NominalToBinary-Rfirst-last-weka.filters.unsupervised.attribute.Standardize_principal components-weka.filters.unsupervised.attribute.Remove-V-R1-8'

@attribute -0.437plas-0.416class=tested_positive-0.397mass... numeric
@attribute 0.533age+0.527preg-0.448skin... numeric
@attribute '0.63 pres-0.395class=tested_positive-0.391plas...' numeric
@attribute 0.874pedi-0.327plas-0.182class=tested_positive... numeric
@attribute -0.65insu+0.527mass+0.378class=tested_positive... numeric
@attribute -0.608pres+0.457preg+0.398skin... numeric
@attribute '0.58 class=tested_positive-0.573mass+0.327pres...' numeric
@attribute -0.615age+0.541preg-0.435skin... numeric

@data
-1.755803,1.111019,-0.208655,0.333488,0.481394,0.43272,0.457361,-1.123678
1.50644,-0.559041,0.650204,0.229784,-0.004884,0.119233,0.366229,-0.851888
-0.650398,1.92832,-2.006433,-0.026112,0.233903,-0.673605,0.721005,0.792842
1.586364,-1.064381,0.474133,-0.580275,-0.297235,0.07085,0.344525,0.030604
-2.481757,-2.358026,-2.92361,3.934048,1.56533,0.200267,-0.8146,-0.398446
1.442687,1.054735,0.277681,-0.415704,-0.145266,-0.637116,0.004114,0.612351
0.506729,-0.625931,-0.391494,-0.489179,0.440174,1.605758,1.220979,-0.354327
1.867411,1.388902,-1.516489,-0.60102,-0.048454,2.707918,-1.789282,1.031222
-3.493525,-0.862004,-1.214818,-1.902269,-3.093277,-0.194776,0.030699,-1.181108
0.613726,3.682973,-0.385011,0.228016,-1.619458,-1.470537,2.846237,-0.658163
0.711744,0.608447,1.279968,-0.666569,0.791299,-0.894132,-0.546009,0.858589
-1.420334,1.99034,-0.792394,-0.402578,1.074835,-0.017862,-0.061106,1.37753
-0.889853,2.449011,-0.294926,3.222108,-0.302106,-1.021982,-0.938138,0.415524
-3.919548,-1.22644,-2.424494,-1.50433,-4.524497,-0.583477,-0.879568,-0.367397
-1.742006,1.193031,-1.192221,-0.050351,-0.890379,-0.522015,0.457124,-0.682107
1.338142,1.291266,-2.74528,0.10443,0.742209,2.49655,-0.296681,0.24823
-2.160192,-2.082431,0.4463,-0.507754,0.680447,0.332443,0.374263,-0.522731
0.30265,1.575984,-0.248964,-0.537565,0.827338,0.195792,1.00104,0.844279
0.635238,-1.366106,0.022437,-0.763052,0.261221,1.862478,-1.493259,-1.019858
-0.690912,-0.721559,-0.40078,-0.214252,0.747121,0.178275,0.767498,-0.621722
-1.238779,-1.839473,0.953131,0.384487,-0.572114,-0.268487,-0.319396,0.419257
0.225468,2.043864,1.324195,0.488311,0.151275,-0.140069,-0.89974,0.405011
-2.053778,1.957564,-0.554471,-0.9853,1.175382,-1.163263,-0.337196,0.656476
-0.685658,0.876039,0.494369,-0.391979,0.30112,0.985139,1.78251,0.346375
-2.644445,1.699873,1.023837,-0.527978,-0.543654,0.725455,0.659296,0.168835
-1.187318,1.443729,0.082739,-0.572309,-0.460249,1.240271,0.908829,0.33222
-1.055193,1.981473,-0.234333,-0.966049,1.145976,-0.048922,-0.24312,0.409847
1.490683,-0.950572,-0.24937,0.221434,-0.691874,-0.536645,0.39337,0.283939
-0.777459,2.831203,0.931871,0.248327,-2.22327,0.202119,-0.053844,0.207798
0.434139,1.164798,1.09132,-0.116666,0.4005,-1.025708,-0.542976,0.56238
-0.460474,1.205689,1.232569,0.907891,-0.060759,0.200406,-1.052446,-1.33454
-2.035048,-1.165213,-1.122844,0.199163,-0.391031,-0.350974,0.89952,0.136031
2.014794,-0.23229,-0.029323,-0.154402,-0.279979,0.150019,0.27592,0.425012
1.771002,1.25074,1.013524,-0.057495,-0.423975,-0.946866,0.954455,0.923714
-0.29831,1.45582,1.10739,0.904534,-0.781335,0.515271,0.116284,-0.05628
0.166545,-0.919549,-0.372326,1.745659,-1.317789,0.214959,0.183224,-0.082923
0.067934,1.972671,0.474233,0.139616,-0.065989,-0.031513,-0.682434,1.535105
-1.317549,1.213585,0.570003,1.015408,0.480699,1.273619,1.075511,-0.421848
-0.37776,-0.994864,0.312243,0.00932,1.491138,1.091974,1.070672,-0.679338
-2.823237,-0.513067,-0.367244,2.523307,-0.07402,0.630798,0.177292,-1.284911
-0.21278,-0.4518,-0.388344,-1.162571,-0.267766,-0.51049,-0.755854,0.044697
-0.32966,1.108715,0.607866,0.616201,0.790926,-0.694296,-1.214962,1.085379
0.520199,1.750434,1.486543,0.287476,-0.86621,-0.47041,0.484217,-0.391013
-4.097579,1.126272,0.733551,0.070484,-0.140418,-0.573904,-0.321579,0.585313
0.487951,1.828724,-0.391751,-0.412449,-0.45728,-0.560759,-0.799186,0.356485
-2.531203,-1.886207,-2.104651,2.534821,2.282551,-0.872258,-0.113171,-0.430681
1.125412,0.128676,-1.062786,-0.066313,0.412017,-1.035808,-0.92301,0.036396
1.584168,-0.94827,0.709498,0.873403,0.374753,0.168747,0.599693,-0.026007
-0.678278,0.344412,0.356215,-0.312126,1.149842,1.536996,0.75232,0.133603
3.971183,1.513935,-2.869388,0.466923,-2.019841,1.253754,0.867036,0.121973
1.626367,-0.508644,0.00526,0.287835,-0.551272,-1.270554,0.836565,0.291601
1.814775,-0.522106,-0.649771,0.399796,-0.151803,-0.079922,-0.009716,-0.273464
1.437055,0.248117,0.559621,0.340735,-0.444177,0.36522,0.468862,0.062603
-3.482018,1.09858,-0.028623,-0.413517,-1.574489,-0.113646,0.210598,-0.407563
-1.946706,-0.756767,0.027625,0.581729,-2.14896,0.561184,-0.862613,0.201931
2.776982,-0.402001,-0.207555,-0.087262,0.075694,0.23558,0.372165,-0.041095
-2.980681,0.004654,-0.711572,-1.458285,-1.230713,0.669192,0.009066,0.024694
-1.350302,-2.69061,1.689539,1.284458,0.759859,0.195871,-0.486109,-0.829406
-0.986644,-0.217238,-0.807806,3.104004,1.591626,-2.289504,-1.883699,-0.119425
0.272798,-2.147086,0.871217,-0.997054,0.122226,0.665664,-0.532233,-0.305746
4.650364,0.532973,-2.887725,0.396766,-1.582521,0.828146,0.963698,-0.50711
-0.452921,2.071731,-0.406044,-0.666711,0.759262,0.174781,0.375354,0.623265
2.223729,0.894636,0.481494,1.431484,0.100904,0.382838,0.094142,0.350426
0.308413,-1.25872,-0.724981,0.455233,-0.853264,-0.246243,0.092559,-0.202153
-0.093574,1.989061,-0.378151,-0.509406,0.803871,0.457994,0.307332,0.265011
0.934629,0.243871,1.112332,-0.15251,-0.184559,0.342675,0.293841,-0.142563
-0.814234,-0.401337,0.043953,0.881257,1.336689,-0.691617,1.098999,-1.116368
-0.441151,0.898681,1.051714,1.21602,1.1537,-1.338302,-1.680405,-0.424798
2.074292,-0.272876,-0.087517,0.033834,-0.453147,-0.601385,0.65524,-0.173784
0.027656,-0.27076,0.678311,-0.867156,-0.738669,-0.688763,0.21609,0.241055
-0.33984,-0.634595,-0.863873,0.811472,0.98006,0.142405,0.815322,0.043854
-0.006098,-0.688278,0.016585,-0.179607,-1.051825,0.268624,0.052282,0.213977
-1.781968,2.566885,0.607511,0.305401,1.322305,0.529648,-0.051662,1.735275
-0.364741,-1.015596,0.699902,-0.944978,-1.057643,-0.510279,-0.257091,1.20216
1.338265,-1.159489,1.072189,0.176851,0.571236,0.075931,0.404103,-0.201478
3.580688,-0.849124,0.96362,0.399504,0.255551,1.529574,0.859821,-0.319672
1.240354,1.427373,1.344566,0.750624,0.292034,0.269396,-0.351652,0.635608
0.464976,-0.488606,1.287504,0.102538,0.506095,0.782939,-0.141117,0.172266
0.993795,-0.222733,-2.924815,-1.471727,1.962867,1.691435,-1.430306,-0.367144
1.486408,-0.376416,0.151028,-0.215926,-0.090434,-0.268548,0.392147,-0.202069
2.221713,0.050496,-0.654891,-0.648297,-0.345348,0.328632,0.147056,0.02064
4.908151,0.655211,-2.580625,-0.01893,-1.661316,1.052404,1.03816,-0.608299
0.260544,0.202953,0.997058,1.583116,-0.416381,0.376801,0.22274,0.373279
1.782573,-0.93642,0.292268,-0.376974,-0.020099,-0.202683,0.598342,-0.609828
-1.597165,1.20804,1.093362,-1.301939,2.122779,-0.90186,-0.209193,0.869742
0.165441,-1.2136,0.343207,0.656986,-0.212208,-0.288347,-0.106481,0.076876
-0.835999,1.153242,2.254107,0.247873,-0.737268,2.323819,-0.00031,-0.143722
0.614339,-0.989214,0.76927,-0.343798,0.399986,0.296206,-0.527833,0.093307
-2.071561,2.064175,0.566988,-0.646258,-0.506217,2.145849,0.585763,0.958018
1.671805,-0.423727,0.343346,-0.630719,0.061126,-0.362491,0.297683,-0.268214
2.985757,0.010722,-0.448322,-0.095321,-0.081269,-0.379108,0.515724,0.188536
-0.075453,-0.148164,0.437789,-0.047428,-0.769604,-0.587443,-0.432212,0.492487
-0.57087,-0.050202,2.364207,0.081069,0.390201,1.54172,-0.829314,-0.1491
-0.254164,2.639772,-0.68518,-0.35553,0.03696,-0.663107,0.400564,-1.30748
0.479094,-0.701426,-0.2809,0.572995,-0.214958,-1.469174,0.37048,0.445349
-0.852348,0.031713,0.462525,-0.607426,-1.479934,0.141745,-0.74051,0.197196
1.50045,-0.69692,0.739764,-0.589028,0.258632,0.539615,0.112087,-0.293921
2.512988,-0.796933,-0.330892,0.170897,-0.594577,0.409246,0.589017,-0.183248
1.199102,-0.437514,0.192638,0.181248,-0.485545,1.295849,0.182979,0.395524
-2.4544,-1.965733,1.046688,-1.147048,0.789879,0.567003,0.306466,-0.428562
-1.262061,0.1276,-1.804314,0.988432,2.059266,-1.43939,-0.437448,0.186634
1.618442,0.135422,-0.852424,-1.157535,0.106117,-1.131273,-0.381918,0.247826
1.624491,-0.006047,0.391011,-0.639898,0.183605,-2.239108,0.644127,0.410315
1.777737,-0.652228,0.62574,-0.091917,0.009333,-0.256844,0.4605,-0.058176
1.040838,-0.424042,0.005327,1.341571,1.454317,-0.339433,-1.082118,0.737216
0.466356,-1.676338,-0.79155,0.673232,-0.506029,-0.21403,-0.153287,0.079938
1.455265,0.429659,1.749234,-0.336224,0.16228,-2.548018,1.158935,0.481056
0.000617,-0.107138,-0.164295,-0.499916,-1.138466,0.177769,-0.552589,-0.401045
1.203545,-0.852305,0.721463,0.048945,0.34084,0.960474,-0.090469,-0.137166
-0.064322,-0.864816,0.511261,-0.93901,1.509532,-0.085827,1.130946,-0.245754
-1.294994,-0.594337,-0.759373,-1.669207,0.080702,-0.074091,0.86381,-0.020988
-2.960793,0.000198,-1.254304,-0.397419,-2.338815,0.803162,-0.135307,0.701642
1.164039,-1.179162,1.171459,-0.444399,0.12111,0.108532,0.468085,-0.350243
1.79834,0.198642,0.379325,0.193224,0.755458,0.241836,-0.476988,0.874763
-1.712511,0.409741,-1.346229,-0.1127,-0.66753,0.854755,0.432808,-0.135354
-1.31309,2.432861,-0.159863,0.085219,0.658979,-1.344456,0.052029,-0.971111
-0.164598,1.53175,-0.309782,-0.885868,1.051894,-0.127347,0.351969,0.2273
1.750726,0.196639,-0.28787,0.912103,0.747057,0.647715,-0.726615,0.983496
1.425557,-0.39862,0.219247,0.297456,0.118817,0.423063,0.24781,0.263318
1.588608,-0.08242,0.523961,-0.285248,-0.461643,-0.337862,0.753579,0.61825
-2.810991,-2.401494,-0.033784,-0.502727,1.840498,0.390626,-0.215672,-0.644952
0.51728,-0.456475,0.941604,-0.251349,0.065634,1.078138,0.09866,0.141241
0.505284,-1.231509,0.67774,-0.144655,-0.060836,-0.040048,0.014,0.145473
0.157172,2.86109,0.746506,-0.072917,-0.785577,-0.97613,-1.076233,-1.367835
0.624233,0.028881,-0.587341,-1.061754,1.650827,-0.786361,0.763514,0.23638
-0.80336,-2.043235,-0.537911,-0.504345,2.023513,2.698513,-0.844947,-0.521852
-0.445444,-1.10966,0.725166,-0.225985,0.145557,0.326952,-1.001607,0.187514
0.687099,-1.459909,0.205359,-0.651963,-0.202897,0.40932,-0.194114,-0.382357
-1.119215,-0.22299,0.180504,-0.507505,0.378432,-0.495431,0.742608,-0.649843
-0.374685,1.691539,-0.382164,0.924579,0.882618,-1.350234,0.269824,-1.712979
-1.233689,0.414141,-1.349247,-1.126601,-0.297321,-0.565925,0.485233,0.21502
-0.601718,1.428142,-1.521463,1.61401,1.214539,0.520073,0.178189,1.217301
-1.812113,-0.849378,-1.07673,-1.244857,-0.441192,0.250542,0.47478,-0.230822
0.05344,0.491149,1.669744,0.741732,0.255452,1.180791,-0.365367,0.143349
1.609601,-0.302669,-0.210277,0.871873,-0.344463,-0.656146,0.509534,0.095752
0.579615,-0.528902,0.132552,-1.137957,-0.557961,0.106786,-0.708389,-0.123463
1.064257,-1.426501,0.246192,0.390687,0.340269,-0.390708,0.131314,-0.111403
1.340555,-1.437002,-0.063923,0.303028,-0.081424,-0.045239,0.098675,-0.179646
0.873905,-0.134865,-0.194464,0.408996,0.772356,-1.747723,-0.563537,0.161988
-0.37511,-1.170122,0.858666,-0.818852,-1.48956,0.672814,-0.439689,0.903068
0.931244,2.005223,0.229873,0.001864,-0.751805,-1.352013,-0.374356,-1.067687
-0.073836,0.147653,1.670638,-0.116888,0.421307,0.359916,-0.493203,-0.231276
1.158972,-1.02509,-0.050368,-0.373178,0.023306,0.547311,-0.287976,-0.012737
-0.193801,2.443977,-0.183067,-0.25959,0.615601,0.917016,0.442902,0.746584
-0.474847,-1.292351,-0.279864,-1.111861,-1.564843,0.146219,-0.474377,0.666444
2.733207,-0.335239,-0.572174,0.973236,-1.409076,-1.578866,2.426254,-0.763104
0.638163,0.840885,2.511588,0.2882,-0.335021,1.619514,0.451709,-0.110203
-0.296353,-1.402746,-0.405251,2.717083,-0.177048,-0.199532,-0.300329,-0.390377
-0.292602,2.518836,0.647835,-0.344208,-0.296525,-0.898182,-1.612311,-1.032677
1.911858,-0.326766,0.70146,-0.673754,0.134256,-0.070053,0.436619,0.075974
-0.727166,-2.237535,0.651523,-0.561722,-0.66449,0.102706,-0.219147,-0.313996
1.528746,1.164646,-0.281543,0.339336,-0.363208,-0.699478,-0.107506,-0.001382
-2.841023,0.678275,-0.571728,1.589861,-0.039411,-0.12793,0.533057,0.612615
-2.093684,-3.092125,0.054188,-0.327772,-1.8299,-0.581605,-0.793223,0.814314
-2.052728,2.102128,-0.24743,-1.828987,1.46173,-0.144998,-1.049319,0.700467
-2.58308,0.145876,1.101425,-0.916575,1.560435,0.895238,0.099398,-0.080467
1.596382,-0.841676,-0.719116,0.631623,-0.362965,-0.02366,0.098076,0.34177
1.008352,-1.282775,-0.828087,1.010372,-0.519865,-0.335128,0.025728,0.102341
1.494929,-0.66432,0.758148,-0.342175,0.01446,-0.140447,0.366387,0.25669
-3.547206,1.926356,0.152812,0.942625,-0.338659,2.027607,0.15432,1.096172
-0.36719,0.086483,1.137296,-0.388483,-0.347676,-0.669546,0.228387,-0.678169
-0.513424,0.246877,1.68462,-0.094321,-0.729799,1.159118,-0.450795,-0.439821
-0.631246,-2.168254,1.121707,-1.232589,-0.499992,-0.023155,-0.868815,0.140045
1.45258,-0.738847,0.3168,-0.06978,0.328858,0.075206,0.178687,0.036564
-0.269008,0.318926,-0.775546,0.153023,1.576042,-1.672345,0.663,-0.052615
-0.982006,0.621437,-0.406893,0.769878,-0.106361,0.322857,0.846985,0.17444
0.57873,-0.460311,0.076606,-0.841414,0.204329,-0.233249,-0.25062,0.096746
0.88457,0.701872,-0.282063,0.806898,0.323717,-0.773358,-0.626482,0.416433
1.225476,0.504976,0.000121,0.160232,0.479875,-0.396796,-0.593818,0.650574
0.603752,-0.088351,0.712876,0.241294,-0.179301,-1.112195,0.187976,0.478843
0.184995,1.657429,0.179381,-0.676773,0.890198,-0.056583,0.943626,0.498167
-1.213913,0.045625,-0.578018,-0.257142,0.363537,0.47455,0.628448,0.613078
2.278686,-0.94212,-1.937605,1.169186,0.245114,2.006141,-0.930659,-0.603624
0.394341,-2.091187,0.881947,0.703245,1.010328,1.055375,-0.580427,-0.273017
1.32854,-0.468307,0.700671,0.323921,-0.114754,0.401486,0.013888,-0.469522
-2.510618,0.259811,-0.77928,0.091633,-0.332354,0.443294,0.739223,0.02402
1.043585,1.427082,0.98791,0.487362,0.161343,-0.179722,-0.446825,0.372624
-3.191539,-2.323166,2.08875,-1.650725,2.700123,0.123447,-0.584169,0.127167
-0.360866,1.40413,0.888962,-0.872938,0.772515,-0.488753,-1.943728,0.142332
-1.131946,0.998258,-0.604538,0.8776,1.762352,-0.675672,-0.023957,0.656766
1.839077,1.355428,0.922242,-0.2975,-0.341629,-0.355762,0.460905,0.658021
0.583556,-1.375014,-0.338606,0.401848,0.406389,-0.567275,-0.635696,0.1572
2.868437,-1.067352,1.729425,0.737408,0.498714,0.724222,1.062434,0.113
2.209954,0.689204,0.29711,0.124395,0.122135,0.319558,0.025224,0.729583
0.796699,1.350287,0.056921,-0.501771,-0.187068,-1.033987,-0.589094,-0.036374
-2.23864,1.060542,-1.106902,0.008361,0.691133,-0.021412,0.03191,-0.290039
-3.788547,0.511934,-1.229386,-0.139346,-2.986659,0.395181,-0.112076,-0.335153
-1.864826,-1.111875,-0.153727,1.9084,1.067676,-1.074976,1.403741,-0.669509
-1.094959,0.13677,0.033158,0.628091,-0.230916,0.974244,1.710013,0.295271
-1.275946,-0.486147,-0.186642,-0.776796,-0.12876,0.244678,1.34117,0.353628
2.232228,0.401209,-0.290722,-0.691288,-0.111615,-0.531854,0.244673,0.585112
-0.708179,0.327462,1.15134,0.272228,-1.027325,1.19047,-0.134075,-0.081201
-0.534819,1.849552,-1.177732,-0.677878,0.653497,-0.218285,0.320053,0.527668
-0.77722,1.740224,-2.26105,-0.160117,1.769082,3.252062,-2.270439,0.941367
1.406276,1.434479,0.700859,0.154722,-0.821475,1.232204,0.10137,-0.257945
-2.37135,-0.787272,0.02299,-0.997066,-0.059519,0.265539,0.681351,0.290431
2.386535,-0.008503,-0.429476,-0.64423,0.157215,-0.576867,0.03837,0.283856
0.577946,-0.000421,-1.31881,0.424402,0.522087,-0.06536,1.517886,0.255148
-1.124147,-1.163209,-0.503185,0.949221,0.688144,1.006571,1.093852,-0.137136
-1.239506,-0.614261,-1.135888,-1.582623,-1.179406,0.529413,0.653003,0.321289
0.861251,-1.080264,0.057179,0.985506,0.860856,-1.25101,0.012091,0.200549
0.565911,0.017545,0.485069,-1.064213,1.077155,-1.268659,-1.105249,0.441036
1.026999,-0.592893,-0.12355,1.055645,0.31825,-0.783533,-0.083592,-0.683213
1.801454,-0.075962,0.222711,-0.196693,-0.611502,-0.488479,0.676862,-0.166162
-0.874109,0.427941,1.326286,0.188949,-1.153582,0.833491,-1.028055,-0.680044
1.011676,0.048358,0.526548,0.298875,-0.40024,0.025654,0.662134,0.014986
-3.650012,1.107484,-0.80474,-0.361787,-1.181962,0.005117,-0.504244,-0.280124
-1.618082,2.289639,0.528793,-1.312333,0.986374,-1.376808,-0.002098,-0.223656
1.120635,-1.33963,0.463681,-0.412483,0.068077,0.241823,-0.050472,0.024855
-2.146844,1.145209,-0.048628,-0.876915,0.50935,-0.089652,0.551783,-0.401993
1.855439,-0.501176,0.446979,0.011653,0.151859,0.382239,0.273952,-0.228116
-0.720703,-1.949654,1.34367,-0.699406,0.852785,-0.248153,-0.300082,-0.868283
-1.586982,1.885385,1.487615,-0.648043,-0.718026,-0.726971,-0.838614,-1.182431
-1.056213,-1.331964,-0.779686,-1.10839,1.188647,0.099281,0.041863,-0.095959
-1.499796,0.584856,0.61849,-0.495107,-0.399353,1.104427,1.128609,0.601698
-3.248969,0.25463,-0.224061,0.340565,-0.683874,1.610397,0.129175,1.148577
-0.933238,-0.884901,-0.253714,-0.10961,0.381692,1.365567,1.029295,0.12172
-0.037099,-0.155185,0.362702,0.205456,-0.873571,0.334713,-0.10352,0.239534
-0.381567,0.127165,-0.515136,2.278424,1.191754,0.21598,1.337147,0.14875
-0.168492,1.48971,-0.30485,-0.694586,1.289662,0.362199,-0.064402,0.104392
-2.54291,-2.652147,-2.607516,0.041208,-1.129027,-0.661743,0.068204,0.730971
-1.647176,2.226287,-0.632147,0.63157,0.803301,-1.822426,-0.308666,-1.496492
2.270743,1.523755,-2.013455,-0.261958,-0.652754,1.905049,-1.368413,-0.063724
-1.257935,0.961853,-0.006932,1.064032,-1.924825,0.443346,-1.012473,-1.078139
1.451531,-0.606553,-0.281315,0.783746,-0.186176,-0.659775,0.271992,-0.064747
1.227359,-1.056106,1.314286,-0.77589,0.439495,0.045819,0.188949,-0.054177
1.524975,-0.217209,0.56469,-0.775021,0.969901,-0.887493,-0.612124,0.260323
-1.085373,-0.736898,-1.307148,-0.337411,1.232942,0.660818,0.40808,-0.423622
-4.569536,-3.635354,-2.554946,3.651251,-3.258324,-1.350516,-1.653823,1.807038
0.13927,-1.481051,1.381745,-1.350646,0.913553,-0.080242,-0.758623,-0.165698
-0.962331,0.240821,-0.406604,-0.430259,2.238074,-0.768274,0.021964,1.320779
-3.068321,-0.420607,0.499825,-1.167509,-0.82742,1.014026,-0.291121,0.129054
1.44749,-1.043902,0.725192,0.754809,0.078431,-0.501644,0.820707,-0.023562
0.9295,0.503668,0.083647,-0.228584,0.616194,-0.468611,-0.849948,0.701722
1.460311,-0.799488,0.937029,0.062709,-0.011245,0.563208,0.456959,0.094182
-1.096724,0.573912,-1.044028,-1.106134,1.92178,-0.602367,-0.447148,0.915864
-2.857827,1.202105,-0.54821,-0.318326,-0.472546,-0.446883,-0.101338,-0.074027
-1.851693,-1.003021,-0.447952,-0.751668,2.093742,-1.223765,0.193065,-0.091346
-1.661957,1.201386,-0.584152,0.588819,0.647764,-0.267908,1.004654,0.767037
2.056765,0.09555,-0.3448,0.579374,-0.033621,-1.651245,0.53289,-0.051622
1.771791,-0.844008,0.532194,-0.474465,0.294943,0.148219,0.298301,-0.204086
0.673,-1.049288,0.829911,0.238231,-0.094417,0.56026,0.195613,0.416377
0.741078,0.618172,-1.838454,-0.725326,0.867164,-0.29955,0.856144,0.436732
-1.046577,-0.168318,-2.010615,2.117194,-0.15371,0.604707,0.704887,0.425087
-0.74937,-1.351476,0.517989,-0.804636,-0.603645,-0.258951,-0.65849,-0.023217
-2.471576,2.022374,-1.079382,1.627954,0.479075,-0.912273,0.344674,0.124903
0.5496,2.160212,0.500964,-0.047397,-0.287822,0.297947,-0.716249,0.918511
-3.116587,-3.716562,0.310744,-1.628375,-2.126991,-0.829473,-1.862514,1.585862
-1.316583,-0.594788,0.645936,-0.427448,-2.435811,1.045919,-0.553138,1.272807
1.195796,-0.498489,1.003229,-0.808441,0.350555,-0.854131,0.343321,0.002133
0.969436,1.898418,0.033151,0.395615,-0.179349,0.79312,-0.952047,0.61814
1.192784,0.403993,0.270436,-0.560747,0.281614,-1.482825,-0.093798,0.435719
1.635046,-0.30681,0.691389,-0.207045,-0.26441,-0.628556,0.644498,0.250489
1.227603,-1.249833,1.036499,-0.388808,0.694707,0.324038,-0.072592,-0.601909
-1.203691,1.580251,-0.902773,1.663918,-1.046178,1.213781,0.650515,1.435457
-0.085603,-1.065875,-0.523217,-0.195124,1.354236,0.471274,1.186382,-0.472908
0.685218,-0.720823,0.212441,0.556044,-0.008555,0.642987,-0.012581,-0.724158
1.372078,-0.305332,0.505711,-0.864128,0.037471,-0.130916,0.155861,-0.221446
-0.581396,-1.524548,-2.25251,-0.548245,-2.179285,-1.145317,-0.927189,0.594175
-3.066226,1.327882,-0.857692,2.278135,-0.309912,0.352499,0.236103,0.392958
-0.461016,0.117349,-0.688508,-1.115664,-0.856956,-1.122699,-0.962889,0.006393
0.954283,0.414611,-3.734664,0.151505,1.071842,1.320463,-0.577124,-0.08662
0.759131,-0.736403,0.735651,0.75931,0.365391,0.388973,0.225412,0.128926
-0.290274,1.727481,0.905736,-0.367446,-0.369974,-0.828286,-1.179033,-1.669694
0.267014,1.257712,-0.838008,-0.916664,1.002476,0.061948,0.353205,0.083027
-0.108497,0.237474,0.481848,1.937814,0.0363,-0.112521,-0.644701,0.006714
0.794095,-0.413642,-3.812662,0.332905,1.808077,1.053368,-1.063767,-0.279645
-0.41181,-1.71549,0.054649,1.494825,1.012273,0.148896,-0.618452,-0.236831
2.622614,-0.152051,-0.517342,-0.968642,0.213879,-0.407165,-0.105969,0.061553
1.426053,0.66055,-3.465198,-1.254676,0.686878,1.318416,-0.386943,-0.502582
-2.311519,0.440475,0.870819,1.941542,1.663093,1.25206,0.474264,0.642363
1.436461,-0.898404,0.313901,-0.698043,-0.531917,0.257771,0.580235,-0.263807
1.282913,1.263904,0.215234,-0.231242,-0.350327,-1.213508,-0.088962,-0.242487
0.828954,-1.968278,1.586655,0.344243,0.248234,0.603134,0.762068,-0.525292
0.137998,3.009137,1.12823,0.340174,-0.409477,0.927695,-1.005211,0.915542
-0.226235,-1.985549,1.098904,0.669188,0.5123,0.784272,-0.187493,-0.464875
0.244808,0.834735,-0.406048,-0.278168,0.376501,1.129816,1.464289,0.123919
1.17429,-1.301734,-0.085721,-0.009305,-0.334917,-0.337815,0.095511,-0.137395
0.476079,2.004472,0.101742,1.443685,-0.397743,-0.918268,-0.713218,-0.659877
0.643562,-1.320017,-0.999412,1.009517,-1.202702,-0.661328,-0.129749,1.015423
-0.123887,0.187629,-1.034151,-1.277656,1.767495,-0.881821,-0.023453,0.011299
-0.770883,0.809356,1.151979,-0.156288,-0.917593,0.803118,-0.512991,0.711481
-0.428685,0.656266,0.948735,-0.425969,-0.959988,-0.447594,-0.351535,0.784929
-0.976883,2.517332,-0.245857,-1.101608,0.413958,-0.758388,0.402181,0.057868
0.146223,1.829496,-0.172301,-0.410539,0.6202,-0.76635,0.632558,-1.059772
-0.691186,0.98616,0.29817,0.954543,-1.508194,-0.167265,-0.356796,-0.440616
-2.738209,-2.111085,0.369024,-0.177555,-2.792427,-0.09553,-0.81708,0.922411
-2.212565,-1.883661,0.16348,0.15486,0.905727,0.053828,0.311616,0.021142
1.825921,0.039617,-0.17444,0.175894,-0.715179,0.241472,0.499076,0.114006
-0.108914,-0.59077,1.326034,-0.209286,-0.330922,0.888442,-0.120528,-0.313258
0.866251,-1.579319,1.504049,0.092429,0.825538,-0.347645,0.223599,0.035207
-0.427597,-1.344587,-0.792392,0.291774,1.299931,0.331719,0.670541,-0.422126
-2.355839,-1.613871,-0.558622,1.30234,1.031658,-0.005863,0.177381,0.036918
-1.269986,-2.023572,-1.08896,-0.390338,0.494164,1.232743,0.267586,-0.430894
0.840173,2.006882,-1.086658,-0.402974,-0.888242,-1.243589,-1.441847,-2.320495
-0.664328,-0.568496,-0.195838,0.369698,-0.446035,0.287221,-0.693165,0.530652
-1.561646,-1.36963,-0.986089,-1.083433,-1.477384,0.060272,1.131004,-0.124489
-0.058381,-1.728966,0.331183,-0.150485,-0.76391,-1.017727,0.077966,0.108318
-1.952635,1.800074,0.792198,0.320562,-0.601756,1.871276,0.670377,1.162166
0.315107,2.492562,0.094142,1.900803,-0.644594,-0.514399,-0.611689,-0.246515
0.54848,0.056205,-4.160935,-0.056071,1.310536,0.632174,-1.07304,-0.674857
-0.742703,-0.89231,-1.168753,-0.811035,0.166728,0.38567,0.839347,-0.303344
0.338636,-0.346369,2.138542,-0.114511,-0.092371,0.939182,0.227454,-0.368118
-1.121877,0.61043,1.087356,-1.345847,2.589081,-0.188982,-0.300335,1.355079
1.137057,1.285061,-0.248222,-0.645021,-0.555622,-1.522413,-0.075146,-0.180004
-0.16682,-1.190773,1.128686,-0.785546,0.012026,0.200356,-0.479744,-0.265215
-1.586594,1.93598,-0.718094,-0.447861,-1.074193,0.564166,0.808713,0.010494
1.163024,-0.885364,-0.414462,-1.200449,-0.831489,-1.011008,0.08887,0.143995
-1.052349,-1.457595,-1.928417,1.737285,0.658629,-0.88937,0.698652,0.208408
-1.241587,-1.051043,-1.071812,0.556944,0.13842,-0.00375,0.700023,-0.010436
1.045432,0.664711,1.101163,0.577905,-0.531302,0.888385,0.31394,-0.614949
0.021541,-2.208229,0.533875,0.154915,0.210081,0.077961,-0.434527,-0.055887
-0.52259,-0.032937,-1.177953,-0.794025,0.206756,-0.809314,1.093095,-0.039263
1.160826,-0.42329,-0.778997,0.447171,-0.121804,0.036822,-0.541194,0.480886
-1.642941,0.639336,0.071928,1.93502,1.130582,0.496063,0.723605,-0.200942
0.669285,-0.81778,0.405893,-0.432618,-0.036947,-0.050386,-0.354273,0.123846
1.569281,0.322794,0.434856,0.01223,-0.805241,-0.849465,0.761335,0.095065
-0.528701,1.011388,-1.43348,-1.303716,0.961505,-1.263724,0.389775,0.292428
0.002884,-1.205519,0.901394,-0.865524,-0.403931,0.747214,-0.429452,-0.157582
-1.150164,3.187562,-1.019732,-1.269025,-0.347092,-1.231107,0.230901,-0.979157
0.287943,-0.323665,-0.657585,0.090213,-1.338701,-0.282648,-0.512437,0.615089
-0.004886,-0.1737,0.096697,-0.919491,0.949701,0.43331,1.423007,-0.279454
0.188368,0.24476,-0.576643,-0.836911,0.747711,-0.399767,1.045821,-1.179073
-2.150704,2.037546,0.215269,0.91633,-0.343228,0.459646,1.496303,0.521543
0.799939,-0.973374,1.07499,-0.848742,0.522298,0.107991,0.047662,-0.060941
0.473354,-0.792628,-0.300823,-1.365151,-1.146414,-1.029805,0.028028,0.032516
-1.001747,-1.146387,-0.864362,0.059436,0.489962,0.268374,0.599713,-0.431315
-0.320258,2.080761,-0.000108,-0.921293,-0.172623,-0.297598,-1.224658,1.165503
-1.059176,-1.29459,1.006891,-1.433303,1.273136,0.66072,0.741395,0.163643
0.404791,0.280085,1.147129,-0.380913,-0.722403,0.758444,0.006435,-0.244385
-0.279471,1.109412,-0.321112,3.440096,-0.394126,-0.455893,-0.082784,0.026443
1.605291,-0.547506,0.400393,-0.5532,0.172386,0.444555,-0.283685,0.105911
-0.108732,0.751443,-3.322141,-1.677501,1.485103,1.235901,-2.117026,-1.024184
0.852407,2.856828,1.078406,0.100629,-0.94,0.21383,0.133384,1.001628
1.920192,-0.701022,-0.046092,-0.291103,-0.333451,-0.11666,0.404989,-0.087074
-1.580409,-2.378427,0.598427,-1.538095,-0.305031,-0.220278,-1.346715,-0.092948
1.628952,0.127717,-2.603471,1.25424,0.589346,0.867833,-2.446045,-1.166408
-0.161973,1.7913,-0.265584,-0.323095,0.855218,-0.232261,0.473607,-0.087018
-2.393885,0.180333,-0.536798,0.731236,-0.195472,0.473165,0.806202,0.807458
-1.633729,1.95017,-0.422775,-1.123005,1.168206,-0.694136,-0.307919,0.588592
0.993158,-0.742262,-0.417919,-0.188986,-0.399271,-1.019552,0.04234,0.317195
0.872575,-0.435124,0.304675,0.96925,-0.321715,-0.634405,0.110652,-0.589762
2.434795,-1.549359,1.909877,0.985874,0.761382,1.369847,0.889485,-0.336263
0.580918,0.947566,0.840936,-0.380334,0.469871,-0.853999,-0.58493,0.768847
0.160393,2.231964,1.019039,0.850983,0.145968,0.276596,-1.372901,-0.001927
-1.318687,0.681844,1.777172,0.108339,-0.719201,0.43241,-0.641445,-0.205441
0.91974,-1.044438,-1.23841,0.173564,-0.170663,-0.234245,-0.534289,0.003618
3.001315,0.310884,-2.357533,-0.648755,-0.272093,1.359416,-0.958403,-0.013229
1.637771,-0.221328,0.025866,-0.092544,-0.768682,-0.004475,0.512964,0.009408
0.400265,-0.022989,2.098321,0.707449,1.692745,2.115747,1.321012,-0.261248
0.902778,0.33356,1.206582,-0.477764,1.162578,-0.184915,-0.947975,0.934213
0.745891,0.808562,0.432126,-0.65407,0.275553,-1.193352,-0.402472,0.652008
0.80592,0.277705,2.046851,0.347367,0.22116,0.443265,-0.108332,-1.000168
1.673594,-0.66285,-0.160752,0.550507,0.176202,-0.335494,0.030118,0.117368
0.958662,-0.380049,0.77007,0.215992,1.550659,-0.384515,-0.880224,1.277905
-1.336423,2.865377,-0.228644,-0.655608,0.310783,-0.669112,0.381951,0.326379
-1.067162,-1.615085,-1.533947,0.768545,0.330464,0.677833,0.612492,-0.601398
-0.864757,1.708974,-1.882019,0.427137,0.437387,3.968661,-0.854312,-0.024387
-0.593976,1.239612,1.984432,0.872577,-0.805592,1.852159,-0.175268,0.106456
-2.725465,-1.475009,-1.543982,-0.312125,-0.095414,-0.939427,0.217425,-0.147619
-2.387457,-0.752728,-1.72006,-0.794803,-1.248935,-0.016379,0.481642,0.463842
-0.066855,2.551795,0.116308,-0.438686,-0.589861,-0.891966,-1.482878,-1.089515
-1.209556,1.22617,2.945983,0.410292,-0.044231,-0.267505,-0.58003,-1.61377
-1.592215,2.486756,-0.301357,-0.036697,0.991204,-0.672333,-0.863869,-1.253791
-0.854029,-0.960612,0.089185,-0.620282,-1.401559,-0.308939,-0.695045,0.677433
0.566696,-0.468527,0.261519,0.418161,-0.215982,1.001701,-0.448531,0.148944
0.231994,1.367916,-0.754499,-0.447529,0.781017,-0.200476,1.009864,0.747985
2.20436,-0.586851,-0.081896,-0.32906,-0.121078,-0.563421,0.671302,-0.337846
1.380397,-0.45651,1.097494,-0.006829,-0.09278,-0.457544,0.671104,0.625693
-1.529148,0.122712,0.664873,-0.978027,0.071639,-0.992103,0.974419,-1.010283
-4.400264,-3.119071,-2.082618,3.124445,-0.67978,-0.860956,0.319006,1.02273
1.594397,-1.200929,-2.233387,3.783479,-1.45189,-2.018571,1.872948,-0.33475
1.191624,-1.53148,0.357951,0.278241,0.639019,0.070464,-0.302106,0.08809
0.621322,-1.387664,0.590709,-0.551585,-0.209306,0.867668,-0.176424,-0.40161
-0.322813,-1.843978,-0.271152,0.805623,-0.364934,0.665608,-0.653716,-0.361222
-3.68974,1.088873,0.605667,0.208764,-1.569176,1.473732,0.134315,0.141592
1.490235,-0.847151,0.504733,-0.317014,-0.222342,-1.032373,0.560795,0.116006
0.764985,-1.797887,0.59207,0.245636,0.40063,0.731967,-0.228003,-0.208281
-1.144575,0.810306,-0.340728,-1.596331,2.078351,-0.249042,-0.751395,0.670696
-0.891267,-1.734559,1.708326,1.581826,0.992045,-0.758805,-0.447274,-0.503398
0.471302,-1.437781,0.148128,0.993616,0.089798,-0.415847,0.07567,-0.067937
2.029489,-0.625396,0.084068,-0.351432,-0.2681,-0.634561,0.851102,-0.521577
1.015065,-1.209016,-1.10881,1.179834,-0.530835,-0.834255,-0.153375,0.740899
1.100014,-1.143269,-0.718569,2.436683,0.188505,-0.60527,0.133049,0.087941
1.024544,-0.770412,0.037297,-0.675999,-0.806704,-0.604064,0.348884,-0.228307
1.877838,-0.315919,-0.599839,-0.639286,-0.502284,-0.361478,0.139659,-0.192652
-0.772766,0.36934,-0.142182,0.482114,0.913058,0.412261,1.04055,-0.312341
-1.842616,1.053972,1.935247,-0.406935,1.129587,0.862154,0.763889,-0.203457
-2.43408,0.838554,-0.214175,-0.262684,-1.251625,-0.13091,0.209155,-0.787921
0.411671,-0.863034,0.031645,1.505913,0.101202,-0.152225,-0.204766,0.257094
0.130031,-0.813015,0.436084,0.203709,-0.94791,0.070423,-0.559439,-0.841487
-1.184452,0.787865,-0.606333,-1.400335,1.945658,-0.396466,-0.477766,1.066872
0.342753,-1.680343,-0.997497,-0.648468,-2.35035,-0.818831,-0.069375,0.944332
0.875389,0.560066,0.015868,0.382433,-0.940734,-0.647247,0.127828,-0.055357
-0.823875,0.890174,-1.25698,0.17877,1.334812,-1.130536,0.332469,0.580354
-0.522541,-1.965202,-1.610461,2.769898,-0.965289,-0.713479,-0.446012,0.674076
0.43215,-0.632266,-0.246832,1.851929,-0.887413,0.340188,0.010754,-0.783494
-0.204847,-1.094184,-0.30317,-1.317477,1.173626,0.383214,1.151729,-0.902141
2.30786,0.42435,0.10683,0.350445,-0.041535,-0.610088,0.532814,0.503937
-1.266415,-0.080381,-0.939051,-1.69819,0.89264,-0.307703,0.598987,-0.322271
0.759856,1.031752,-0.417079,-0.858612,1.142647,0.36836,0.682182,0.312823
0.807562,2.440286,-0.08709,-0.329332,-0.871005,-0.363828,-0.854861,-0.703882
-1.557016,-0.029854,0.459891,-0.777599,0.253739,0.441085,1.097072,-0.414058
0.695056,1.016978,1.812512,0.544205,-0.204173,1.071669,0.239999,0.371552
-0.565109,1.849771,-1.103553,-1.499435,0.70565,-0.329894,-0.0849,-0.095533
-0.120575,-1.654484,-0.203105,-0.195489,-0.012043,0.839235,-1.253612,0.066484
0.009077,1.759794,-0.525003,-0.209409,0.732772,-0.329781,0.493189,-0.424963
2.362498,-0.000847,-0.461303,-0.148051,0.086297,-0.941065,0.155324,-0.057709
-1.666003,1.967682,-2.141282,1.252696,0.514524,-1.345242,0.342102,0.700727
-3.636514,-3.060108,-1.349416,-0.883198,-1.710312,0.218486,-0.140208,0.347643
-0.230671,-0.498829,1.631956,0.974217,0.402499,0.200393,0.313836,0.305969
0.133686,-1.608433,0.349452,0.030369,-0.37267,-0.206851,-0.260227,0.088732
-1.457415,-2.342636,-0.181974,0.809548,-0.275905,-1.158339,-1.077833,1.148475
0.872018,-0.750257,-0.041928,-0.830904,-0.34447,-0.958461,0.256733,-0.009555
-0.83224,-1.694035,-1.173795,-0.686852,0.439946,0.209938,0.742722,-0.278584
-2.613819,-1.790856,-0.805712,-1.893252,-1.579239,-0.40623,0.677959,1.041006
1.114981,-1.110959,-0.297283,1.889168,0.594611,-0.653049,0.237658,0.066006
-1.556954,0.212689,0.092673,-0.212336,1.20283,0.009366,0.540308,-0.512873
2.383668,0.153278,-0.341714,0.952278,-0.043096,-1.040923,0.56505,0.065707
-0.223037,-0.210132,-0.749491,-0.991902,-0.166645,0.356992,1.341329,-0.341916
-0.962651,-2.07428,1.371723,-0.242457,0.269912,-0.175181,-0.650326,0.075832
1.395014,-0.844382,0.050286,0.491737,-0.169849,-0.310641,0.377998,0.364701
0.241634,-2.291386,0.761227,-0.033289,0.549542,0.626727,-0.343606,-0.464887
1.173488,-0.723239,0.104224,-0.110931,0.387229,-0.123137,-0.025601,0.090111
-2.630567,0.060057,-0.02339,-0.478994,0.024013,0.763603,0.08315,0.71413
-2.558769,-0.806775,-0.601015,-1.646885,-0.717311,-0.043344,0.450446,0.077731
4.581613,0.456559,-3.023562,0.130613,-1.583016,0.461823,0.75848,-1.058541
-1.717316,-0.405832,-1.285758,-1.396387,-0.202536,-0.328734,0.095166,-0.909136
-0.836799,-1.988784,1.487058,-0.896723,-0.03584,-0.596025,-0.190427,-0.403359
-0.821316,-0.226591,0.42461,-0.72575,0.127596,0.087037,0.693816,-0.822655
3.41982,0.179953,-2.171747,-0.703933,-0.275707,1.42855,-0.763072,-0.209915
0.70095,-0.001317,0.639074,0.707059,-0.232198,-0.214711,-0.2573,-0.143682
1.537863,-0.825742,0.426386,0.413837,0.35889,-0.503075,0.124659,0.441902
1.353364,0.628964,-0.099271,-0.89788,-0.030606,-1.33283,-0.167211,0.163983
1.234533,-0.082442,-0.424612,2.273432,0.354929,-0.999624,-0.114425,-0.350955
0.873044,-0.001093,-2.984654,-1.685197,1.792497,1.580669,-1.502432,-0.567064
-1.02649,1.482162,1.750349,-0.138507,-0.369852,0.839721,-0.364246,0.595451
0.667263,0.821263,-0.153991,-0.236135,0.184841,-1.028697,-0.482228,0.85716
2.356709,-0.241515,0.175143,-0.4651,-0.367305,-0.649503,1.007996,-0.15789
0.318806,0.686242,0.807791,0.901573,0.845913,-0.763676,-0.60729,1.229748
-1.919677,0.326816,-0.055777,-1.052227,1.037299,-2.004208,0.625633,-1.145592
1.265629,-1.028649,0.508047,0.365831,0.321494,0.229204,0.058099,0.220218
0.516384,-0.741758,0.39548,-0.623962,-0.458134,0.429895,-0.206924,0.393153
-0.308538,1.421955,-0.895977,1.356274,1.105514,0.109213,0.713045,1.081834
0.241753,0.655687,-0.802881,-0.418722,0.899396,0.283506,0.872113,0.016771
-4.475542,-3.318129,-1.186479,3.670357,3.394956,-0.390425,-0.850845,-0.435856
1.247999,-0.501496,-0.076017,0.734208,-0.139258,-0.866053,0.137255,0.02924
0.274512,-1.865306,1.397355,-0.249049,0.114618,0.144369,0.14341,-0.659533
-0.123891,-1.440095,-0.464483,-0.268181,1.032017,0.515203,1.191562,-0.593044
0.965543,-0.772659,0.280611,-0.603395,0.042944,-0.802343,-0.133643,-0.200608
2.02523,-0.668485,-0.103572,0.268737,-0.556673,-0.371501,0.586144,0.113756
0.334702,0.368201,-1.309924,-0.397441,1.265658,-0.849464,0.846173,0.471562
0.237238,-2.06738,0.72503,-0.325746,-0.165568,0.331348,-0.577349,0.0108
1.59734,2.147941,-2.597666,1.766996,-1.026787,0.730221,-2.07694,-2.639019
0.632513,-1.375842,0.133709,0.07745,0.202977,0.70194,-0.663643,0.111795
-1.803926,2.236045,-0.337509,-0.858427,-0.0777,1.599324,0.588113,0.701532
0.58777,1.602186,-0.841076,0.911628,-0.272526,-0.999696,-1.528802,-1.72592
0.992487,-0.536241,0.821369,0.204782,-0.274868,0.671057,0.332922,0.44449
-3.634102,0.410515,0.142047,1.308625,-0.783741,0.868808,0.433365,-0.045183
-1.279713,2.789466,1.121204,1.112074,-1.895397,0.387858,-0.844224,-2.107203
0.0093,1.559833,0.277536,1.551698,-1.351808,0.049192,0.184934,-0.127895
2.632173,0.071657,-0.106575,0.434171,0.139258,-0.490959,0.341785,0.094525
-0.090915,-0.003494,1.458432,1.557949,-0.179779,1.434186,-0.068641,-0.007072
0.877648,0.371162,1.394002,0.222977,-0.321703,0.351844,0.450817,-0.457547
0.160311,1.681678,0.599596,2.102803,-0.17107,-1.17562,0.404859,1.605171
1.60121,-0.875589,-0.973265,-0.165741,-0.625332,-0.758496,0.148407,0.003828
2.41065,-0.755574,-0.101784,-0.204051,0.251785,0.16373,-0.027215,-0.046567
0.460504,-1.865355,0.442804,0.363889,0.275532,0.26839,-0.347401,-0.397113
1.074547,1.938815,-2.617751,-0.758718,0.364867,2.548065,-0.504301,-0.005463
-1.62841,-1.128167,0.880075,-0.175403,0.041618,0.386608,-1.003501,0.678945
-0.613147,-1.317043,0.868492,0.013268,0.881511,-0.49811,-0.588352,-0.524588
0.63519,-1.291864,0.531218,-1.050728,0.308746,-0.243606,0.012374,-0.706097
0.809004,-1.242511,0.520791,-0.801176,0.892887,-0.051838,-0.554514,-0.282367
0.095853,2.253179,0.995145,-0.289991,-0.345417,-0.982913,-0.632356,0.099638
1.718986,0.547915,0.033701,-0.80205,0.183269,-0.294418,-0.248892,0.731673
0.006657,0.85348,0.93946,-0.272453,-0.538458,-1.172961,-0.469922,-2.330429
-1.353931,-1.493844,0.038123,0.385446,0.12919,0.379375,1.332361,-0.367579
0.539212,0.502803,0.368329,0.437547,-1.074473,-0.164823,0.379041,0.728997
-0.037511,0.675524,1.050346,-0.240088,-1.355055,0.632071,0.383008,-0.250459
-0.554444,1.420273,1.238198,0.528747,-0.743601,-0.610241,-0.424844,-1.918422
-2.067346,-0.785398,-0.894473,-1.217983,-0.913467,0.075278,0.259045,0.01655
0.280265,-1.01287,1.385482,-0.770216,0.447328,-0.619721,0.061476,-0.832562
1.473036,-0.207124,0.391949,0.107327,-0.307971,0.666492,0.139412,0.036859
0.622086,-1.731736,1.403899,-0.562855,0.242739,-0.031032,-0.052623,-0.009879
0.375481,-0.171191,-3.320648,-0.613801,2.065383,1.367478,-1.783446,-0.517286
-1.630449,-2.116601,-0.425917,-1.250741,0.314067,0.498179,0.355439,-0.247955
-1.407479,-3.151771,-0.325606,-0.625634,-1.834551,0.270218,-0.984114,0.736974
-2.871195,-1.059035,-0.126294,1.189063,-0.488358,-1.164382,-2.435028,-1.208849
1.423273,0.224871,0.584033,0.004306,-0.135126,-0.130254,0.393038,0.115746
-1.061193,3.251131,-0.224183,0.383667,-1.02468,-1.521958,-1.37092,-0.743023
0.764249,-1.322744,0.602864,0.656783,0.509652,0.458615,-0.28955,0.142482
0.429818,-0.015435,1.838559,0.11661,0.224171,-0.281366,0.01534,-0.966047
0.706365,-0.261556,1.253362,-0.369676,-0.049145,0.816076,0.072325,-0.641738
-1.326397,0.45136,-1.202431,1.677526,0.190503,-0.326133,0.518436,-0.387592
4.710447,0.791619,-2.667259,0.157251,-1.710555,1.078839,1.010001,-0.432343
-0.281713,2.911905,0.043713,-0.104875,-0.888018,-1.126131,-1.304856,-1.098885
1.53236,0.963662,0.090353,-0.126109,-0.073501,-0.411771,-0.102881,0.600657
1.276929,-0.709993,0.47018,0.549521,0.117157,-0.223251,0.079897,0.363887
-2.172849,1.711264,-0.833828,-1.207495,-1.419011,0.009605,0.572372,-1.195747
-1.177499,-0.197649,-0.120184,0.964613,-1.378582,-0.361732,-0.399754,0.107531
0.952842,-0.583232,0.697042,-0.359415,-0.333866,-1.148308,0.721856,0.406029
0.838086,-0.693323,1.389519,-0.1317,0.580494,0.65654,-0.105211,-0.204485
0.081823,-0.114862,1.57369,1.894185,1.472892,2.593831,1.27849,-0.591341
0.02425,0.34117,0.585055,1.364641,-0.364086,0.797294,-0.521281,0.107639
0.177605,-0.283114,1.723822,-0.122496,0.267215,0.516086,-0.266048,-0.987809
0.93598,1.858403,1.56244,0.367533,0.11,0.482797,-0.251156,1.275976
-1.743261,-0.305919,-0.383081,-1.491605,0.700526,-1.294567,0.415241,-0.747413
0.495888,-1.481361,-0.752544,0.306202,-0.602521,-0.482447,-0.204624,0.283234
1.201054,-1.390432,-0.530528,1.588907,0.241778,0.422768,-0.162147,0.292225
0.209084,2.993417,0.67164,0.744393,-0.867622,-0.533082,-0.742495,-0.607711
-0.661092,2.068382,0.910648,0.408724,0.017786,1.964517,1.384829,0.032607
1.080278,-1.131034,-0.796391,-1.038319,-1.389297,-0.882671,0.168405,0.115781
1.028743,2.899125,0.840231,0.461382,-0.910527,0.348034,-0.452387,-0.270418
2.03428,-0.097699,-0.263613,0.392599,0.497309,-0.4828,-0.081388,0.595097
1.672463,-0.403397,-0.041528,-0.544603,-0.631042,0.428764,0.165924,0.119769
-0.836755,0.081312,-1.037228,-1.357373,0.282029,-0.380054,0.648028,0.081843
-2.625824,1.277126,0.076526,0.863745,-0.7731,0.184644,0.819855,-0.279261
-0.170967,2.00095,1.175499,-0.076762,0.221919,-0.539014,-1.229148,0.2114
1.085157,2.471661,1.068608,0.323148,-0.274213,1.595848,-0.584844,1.380739
-0.815334,1.405208,0.218231,0.82966,-2.860932,-1.3438,-0.289814,-0.121371
1.702493,-0.874271,1.037263,-0.0748,-0.482706,0.449102,0.870851,-0.338383
-0.009445,-0.987583,0.836765,-0.487987,-0.490381,-0.18053,0.029364,0.138016
3.948151,1.536339,-2.907049,0.050368,-2.077168,1.070364,0.754284,-0.18277
-0.926659,2.249881,-0.608636,0.478092,0.863728,0.250387,0.071309,0.590406
1.571957,0.324704,-0.280238,-0.955753,0.38273,-0.303645,-0.64541,0.57611
2.068101,-0.319662,-0.015496,0.449405,-0.140785,0.086415,0.691212,0.164523
2.024464,-0.701501,-0.17794,-0.118701,-0.819735,-0.433811,0.892696,-0.083382
1.149816,-0.244726,0.366702,-0.880171,-0.667048,-0.455448,0.265927,0.429505
0.445957,-1.850935,-0.069147,-0.138885,-0.629001,-0.279627,-0.064369,-0.054394
1.668706,0.064926,-0.614519,0.636959,0.290975,-1.240827,-0.263852,-0.205975
0.722062,-1.010766,-0.591829,0.522438,-0.148394,-0.357059,-0.288925,0.417099
0.656585,-0.804066,0.356303,0.222331,1.857062,-0.918466,-1.381591,0.700065
-0.239373,-2.185069,0.94329,1.430002,0.662797,0.842312,-0.394305,-0.754017
2.418247,0.734327,-1.888307,0.564084,0.055298,2.094581,-1.441232,0.290878
0.770959,-1.779639,-0.263587,2.395356,0.659942,0.297477,-0.236444,-0.065783
1.290952,0.528207,-3.130622,-1.037028,1.086233,1.890532,-0.524789,0.222243
1.087262,0.89825,0.991609,-0.393301,0.243249,-1.562791,-0.467924,-0.799868
1.723329,1.561379,0.112712,1.968166,-0.324577,-0.568088,-0.715902,-2.127813
-0.611686,-2.28988,0.266208,0.496619,-0.31132,-0.680721,-0.281282,0.09449
-2.295626,-1.31018,0.198713,0.908871,0.431539,-0.103034,1.181663,-0.34577
-2.133965,-0.008266,0.450653,0.629994,-0.21636,1.516977,0.536175,0.115186
-0.99076,-0.692714,-0.746153,-0.327939,0.055824,0.03618,0.891449,0.281931
-1.713613,1.811714,0.999643,1.693798,0.575831,1.122813,0.812941,-0.475548
0.53714,-0.553736,1.923377,-0.538873,0.50872,0.133051,-0.04913,0.658416
0.822586,-0.997863,1.049506,0.037576,-0.004559,-0.129784,0.151416,-0.353514
-2.930172,0.381436,-0.20216,-0.885766,-0.798499,-0.164961,0.70091,0.484836
-3.603521,0.321355,-1.005612,0.586172,0.150996,-0.384635,-0.914044,-0.411564
0.204846,-0.442469,0.286959,-0.956007,-0.797723,0.023327,-0.451869,0.455694
-1.041804,-0.183273,0.790032,-0.439425,-0.673466,-0.781635,-0.610215,-1.870418
-1.301959,0.317948,0.833574,0.258728,-0.255481,-2.163896,0.190066,-0.318196
1.342202,-0.825655,0.427287,-0.639361,0.07046,-0.300941,0.436286,-0.317045
0.735162,-1.139463,0.611652,0.687209,-0.157813,0.410719,0.121623,0.19973
0.19171,2.787949,1.223206,0.260034,-0.614804,-0.877091,-0.807562,-0.930765
1.467779,-1.043041,0.295523,0.138798,0.171467,0.152354,0.111215,-0.141017
0.797029,-1.226983,0.538939,0.173096,0.2059,0.306011,-0.541416,-0.028001
-0.127996,0.132837,0.598171,-0.43492,-2.026398,0.520416,0.197076,0.115778
0.608042,-1.104572,1.307665,-0.44294,0.571975,0.544897,-0.236543,-0.869923
0.501149,2.702945,0.902242,0.246831,-0.629456,-0.175334,-0.73207,-0.292169
-0.710472,0.850559,2.124115,-0.263653,0.206936,2.185645,-0.954165,0.230722
1.065276,1.955509,1.062288,0.428539,-0.155898,0.633166,-0.125572,1.460938
-0.571438,2.479166,0.042313,-0.871277,0.653684,-0.022837,0.026758,-0.464849
-2.480055,-1.59026,-1.583287,-1.523096,-0.005804,-0.542738,-0.334943,-0.177633
0.702667,-1.563496,0.92176,-0.029324,0.387183,0.474031,-0.208757,-0.181031
0.979329,0.325876,0.17143,0.622957,-0.510513,0.505931,0.002639,0.282539
1.453066,-0.317284,0.375476,0.474929,0.96847,-1.203121,-0.334938,0.293219
1.47785,-0.855619,-0.653089,0.950275,-0.163162,-0.075721,-0.009087,0.385613
0.73869,-1.392197,0.894013,-0.153741,0.858883,0.12564,-0.24606,-0.004379
0.290095,0.438853,1.141446,-0.293053,-1.123577,1.224743,-0.395307,-0.621745
-0.459003,-0.103696,0.218004,-0.480537,-0.916784,-0.32912,-0.493186,-0.298766
-0.622816,-0.856739,-0.456127,-1.222845,0.196406,0.261344,0.641015,-0.809876
1.541593,0.805956,0.772689,0.045331,0.435321,-0.153334,-0.604912,-0.017668
1.418641,0.316133,0.425474,-0.581815,0.050426,-2.027899,0.649906,0.731062
0.99075,-0.906401,0.080222,0.043985,-0.125749,0.432099,0.117546,-0.01668
1.153603,-0.953896,0.26984,-0.71826,-0.052393,0.324991,-0.426696,0.453494
-0.95351,-2.125542,-0.236195,0.610307,-1.385224,-1.325777,-0.035112,0.657387
0.597441,-1.682038,0.054097,-0.559243,-0.071356,1.166313,-0.434315,-0.925892
0.712113,0.098402,-0.866865,1.398787,-1.126704,0.678767,-0.282857,0.161652
-0.368436,-0.199745,-0.492843,-0.148854,2.393475,-0.622052,0.127274,1.010925
0.738803,2.08533,0.189667,-0.180016,-0.525518,0.045059,-0.35327,1.078921
-3.673033,-0.63006,0.320565,-0.04829,-0.288796,1.022792,0.766559,-4.184672
-1.461098,-1.491607,0.431298,-1.195206,1.736471,-0.312371,0.961625,-0.613473
1.269154,0.275279,0.399248,-0.197108,-0.503706,0.67481,0.433036,0.070053
-0.309087,3.093307,1.324003,0.548403,-1.241286,0.545007,-0.387383,-0.336124
0.501245,1.681688,1.241851,-0.233221,0.389517,0.303357,-1.043049,0.769219
-3.000892,0.010663,-0.81431,0.406183,-3.152181,0.455517,0.399657,0.758215
2.27167,-0.386633,-0.389539,0.186636,0.044317,-0.270242,0.342682,-0.049007
-0.543445,2.199188,-0.516886,-1.156494,0.739269,0.377494,0.037205,0.462913
1.735136,1.117223,0.131789,-0.100609,-0.235345,-0.159208,0.088533,0.754112
-2.874717,0.32251,-1.023762,1.1672,0.017599,-1.218908,0.068791,-0.89008
3.743413,-0.214588,-2.166304,0.13539,-0.059323,1.313668,-0.651966,-0.572281
-2.613976,0.934747,1.082621,1.42047,1.386762,1.550909,0.222838,0.296311
-0.27887,-1.880801,1.459766,-0.843884,-0.244269,0.572273,-0.033106,-0.271009
-0.531673,1.422085,-0.389771,-0.500932,1.177304,-0.765249,0.141367,-0.30354
0.579464,-1.638264,-1.154684,3.5976,0.194199,-0.075189,-0.250928,0.385154
-1.103599,-1.060009,0.563701,0.868383,-1.303624,0.586096,-0.195077,0.169485
-1.503569,-0.920683,-1.679571,-0.839971,0.340533,-1.758279,0.542508,0.415935
1.034585,0.333908,1.505612,-0.34544,1.378515,-0.186736,-1.596589,-0.556976
2.250715,-1.038827,-1.228407,0.475323,0.171553,1.072615,-0.431759,-0.270672
-0.623985,1.047293,-0.901801,-1.984163,1.26152,-1.102198,-0.240555,-0.43118
1.729613,-0.77792,-1.118677,-0.037119,-0.852014,0.310388,-0.170784,-0.323236
1.148905,-0.513208,0.798568,-0.022384,0.270257,-1.105949,0.544626,-0.022039
2.951509,0.940432,-1.908792,-0.224371,-0.464645,2.009624,-0.900732,0.227546
0.857901,-0.564662,0.805944,-0.833328,-0.209369,-0.257464,0.352935,-0.999194
-2.41454,1.172319,-0.216648,0.426057,-0.148034,0.230652,0.143719,-0.613917
0.577581,1.437798,-3.681853,-1.513797,0.343313,1.187897,-0.845256,-0.618056
0.665417,-1.326052,0.079276,-0.064968,0.677929,0.113322,-0.377329,-0.252004
-3.080818,-2.432679,-1.531713,0.668497,0.185542,-0.760431,0.281401,0.367697
1.836341,-0.713553,-0.093851,0.507643,-0.538143,-0.219984,0.798948,-0.485719
-1.177561,-2.132709,0.654824,-1.258577,-0.735593,-0.553009,-0.806318,-0.067827
1.463778,-0.783004,-0.30259,-0.891081,-1.096016,-0.420186,0.146143,0.258217
0.962104,-0.875035,-0.128306,-0.413834,-0.662947,0.490843,-0.304315,0.378379
-1.62571,-0.145132,-1.750426,-0.587285,-0.23599,-0.157677,0.026946,-0.228663
-3.522773,-0.481638,-0.247592,0.127373,-0.930299,0.083954,0.408311,0.378494
0.15782,-0.317739,0.767566,1.461752,0.397138,0.000801,0.179158,0.613759
-2.293431,1.647836,0.02006,0.275611,-0.374228,1.066481,0.241394,0.317672
1.795242,0.562454,0.206444,-0.441996,0.076642,-0.722436,0.049631,0.445296
0.898749,1.2074,1.166939,-0.545802,0.042577,-1.086883,0.174732,1.01013
2.58565,-0.199047,0.250822,0.132571,-0.274793,0.036621,0.830989,0.014163
-1.5973,1.603735,-0.235696,2.638385,0.512712,0.177532,1.014876,-0.159739
1.841922,0.007004,-3.033371,-1.494568,1.254953,1.571949,-0.494788,-0.517397
-0.402618,-1.527991,1.497645,-0.627287,-0.349272,0.055269,-0.095246,-0.14925
0.590804,-0.888938,-0.496227,3.727178,0.564079,-1.13842,0.371844,0.117452
-1.872269,1.067842,-0.281556,2.183452,0.976974,-2.121108,-1.774055,0.779049
0.476513,-1.879571,0.879305,-0.520379,0.714603,0.228712,-0.73743,0.215548
1.881531,0.013281,0.010493,-0.834771,0.523721,-0.451934,-0.323575,0.621485
-0.119917,-1.086978,2.040692,0.142307,0.140984,0.56207,0.297597,-0.2122
1.988417,-0.102032,-0.401393,-0.849079,0.218431,-1.263512,0.021421,0.205513
1.215387,-0.361481,-0.076748,-0.581378,0.828788,-1.522847,-0.446755,0.499251
0.417509,1.575115,0.823506,-0.653399,0.146921,-0.665902,-0.998308,0.043053
1.819853,-0.163525,0.531666,-0.393474,-0.201039,0.322914,0.664585,0.230444
0.059215,1.514982,-1.109749,0.734514,0.799407,0.110919,0.787578,0.685741
0.526256,-1.691118,1.150669,-0.573564,0.007274,-0.014807,0.189188,-0.513754
1.954395,0.128263,-0.44122,-0.25568,0.24617,-0.598853,-0.159425,0.435798
0.704925,-0.926423,0.333448,-1.183522,-0.900568,-1.032937,0.218399,0.426007
1.621867,1.792245,0.474801,-0.019578,-0.428022,0.731533,0.032831,1.277099
-0.407771,2.664548,-0.039875,0.403475,0.539474,1.046847,0.795776,1.519626
1.05326,1.774969,0.76121,-0.223823,-0.225717,-0.372394,-0.600208,-0.265247
0.907286,-0.899668,0.447451,0.649953,0.292611,-0.437217,0.047399,0.44707
-1.509504,-0.211566,0.257559,1.044567,1.039439,1.083615,0.648088,0.568634
1.944365,0.001146,0.271543,-0.46619,-0.626211,-0.844317,0.697171,-0.275506
0.664568,-1.038662,0.440601,0.667734,0.010817,-1.234638,0.129275,0.077439
1.035511,0.366488,0.077636,-0.587004,0.598943,-0.57706,-0.661378,0.934867
-0.66345,2.457739,-0.326268,-0.912986,0.399848,-0.572435,0.35541,-0.314195
2.572652,0.408653,-2.125094,0.803459,0.115474,1.723951,-1.369435,-0.036584
0.348903,-1.083023,0.216986,0.94071,-0.726522,-0.142495,0.270055,0.169403
-1.530838,-1.965436,0.232878,-1.651133,-2.064724,-0.171585,-1.018251,0.443357
-0.753434,0.048417,-1.482647,-0.814755,-0.353806,-1.1905,1.034674,-0.474554
-1.361308,-1.596987,-1.791768,-1.360608,0.463538,0.196162,0.086389,-0.447928
-1.758178,1.458338,0.473867,-0.38254,-0.877863,0.915964,1.413649,0.295416
1.796195,-0.793781,0.158598,-0.752041,0.03037,-0.08352,0.28366,-0.618354
1.739989,-1.029181,-0.040139,-0.337619,-0.59335,0.350581,0.308142,-0.259398
0.618108,-1.070084,-0.089602,-0.122755,-0.060238,-0.056183,-0.565759,-0.123269
-0.077946,-0.639482,1.026961,-0.392755,-0.398908,0.507579,0.032691,-0.000936
1.719242,0.246976,-0.78098,-0.01013,0.22072,-0.558198,-0.483996,0.213244
0.762886,-1.375101,0.665176,-0.941103,-0.249124,0.06889,-0.103524,0.079628
-2.093506,-2.047041,-1.723527,-1.92478,-1.721081,0.63473,-0.212652,0.844588
1.56545,-0.996302,0.161854,-0.487473,-0.976636,0.426596,0.803811,-0.410879
-1.57718,-1.875194,0.583795,1.827414,-0.381969,-0.295288,-0.719749,-0.848342
-0.753946,2.703785,2.139876,-0.224354,0.064878,-0.546974,-0.893355,1.017336
-0.879266,-1.051923,-0.15731,2.21999,1.333896,0.107486,1.305223,0.207351
-0.32231,3.041056,0.624826,-0.386272,-0.870718,-0.752166,-0.770122,0.246522
-2.703514,-1.657556,-1.462996,1.03458,2.019202,-0.89215,0.123187,-0.274632
-3.261755,0.360904,1.132133,-1.293352,-0.855846,0.06275,0.951409,0.027704
-2.609538,0.307328,0.299519,0.244736,-0.058408,1.035493,0.724159,0.047139
-0.689907,0.617126,0.103659,-0.471862,0.51368,1.506245,0.853491,-0.890052
0.075557,-1.766842,1.210434,-0.700949,-0.364188,0.086194,0.221457,-0.382293
-1.551677,2.434136,0.259004,-0.524184,0.224829,-0.37299,-0.063137,-2.073777
-0.428689,1.812872,0.34329,-0.435756,-0.028103,1.347297,1.397556,0.006023
-0.21297,-0.15,0.612282,0.418208,-1.179283,1.191027,-0.658238,-0.242
-0.860639,1.210751,0.930577,-0.545772,-1.324595,0.260405,-0.383783,-0.009632
-1.350561,0.515325,-0.106259,0.350084,-1.213024,-0.218268,-1.191782,-0.336911
1.95936,-0.529351,-0.449828,0.400447,0.315509,-0.410499,0.111472,0.141534
-0.266908,1.434961,2.940934,0.661473,-0.315568,0.445413,0.178406,0.552675
-2.197995,-2.466459,1.633395,0.408586,0.885543,-0.299218,-1.417143,1.388763
-0.213514,2.720707,1.385122,1.351431,-0.032914,-0.080073,-1.388626,-0.486456
-0.891857,1.599307,-1.527424,-1.319772,0.700452,-0.866201,0.230558,0.628958
-0.943348,3.202491,-0.257573,-0.580359,-0.142882,-0.632808,0.723982,-0.030961
1.879856,-0.348411,0.062617,-0.537211,0.96936,-0.335053,-0.786856,0.194182
0.620026,0.563552,-1.081848,-1.438976,1.435987,0.438835,0.155354,0.419522
0.927611,-1.291328,-0.693214,0.455738,-1.410305,-0.173677,0.081796,0.615549
2.229482,-0.957781,0.498114,0.394405,-0.256127,0.83175,0.76633,-0.205857
-1.692845,-1.180741,-0.044032,-1.463118,2.175395,-0.021412,-0.193745,-0.57232
0.261255,-2.191439,0.935072,-0.428018,0.685183,0.727468,-0.734563,-0.209915
-0.087615,0.772073,-0.62006,-0.23216,1.356407,-0.677974,0.772412,0.74463
1.096522,3.352686,-0.484727,1.639059,-2.371478,-2.141236,0.799273,-1.79236
-0.185977,-1.374558,0.053178,0.053134,-0.658312,-0.504519,-0.328895,0.421661
1.769381,0.403874,-0.579676,-0.426875,-0.072773,-0.896018,0.063367,0.593566
1.73055,-0.29652,-0.144891,-0.563332,0.047033,0.249084,-0.266919,-0.638535
0.13685,-1.394347,-0.615904,0.698148,-0.953876,-1.174415,0.264906,0.173286
-2.598854,-0.884328,0.511222,-1.046877,0.473392,0.31054,-0.153762,-1.327694
0.766028,1.373441,0.176416,1.62881,-0.111673,-0.681349,0.091559,1.105187
-2.349784,3.012352,1.263589,-0.815898,1.024688,-0.472084,0.230486,1.692409
-0.270689,-1.641573,0.179934,0.880237,0.481641,-0.114058,-0.588263,0.286239
-2.079006,0.073529,0.290702,-0.166539,-0.024714,1.527873,0.549918,-0.655372
2.438963,0.308524,-0.118065,-0.356564,0.030422,-0.351437,0.148572,0.248061
-2.52128,0.153612,-0.041341,-1.355977,-2.424471,-0.001945,0.78336,0.770657
-1.043849,0.200407,-1.008832,-1.349936,-0.015598,-0.603275,0.726986,-0.062609
3.32661,-0.329813,-2.315512,-0.489657,0.123192,1.168006,-1.012571,-0.378636
-0.21093,-0.36058,0.483157,0.18504,-0.25236,-0.991275,-0.434461,1.026763
0.179623,-0.162625,0.029884,0.917746,1.564588,-0.457046,-1.491676,1.222542
-0.208379,-1.372987,0.41854,-0.191309,-0.498683,-0.320573,-0.431238,0.379436
-1.087151,1.316494,0.045257,0.499881,0.207804,0.268635,1.109417,-1.037827
-2.158614,0.501406,-0.461004,0.60448,1.031561,-1.238039,0.174168,-1.640397
1.621451,0.547344,-1.993917,-0.569677,0.492641,1.464541,-2.634026,-0.775479
0.870097,-0.152306,0.742246,-0.713283,-0.635404,-0.128291,0.223198,0.354106
0.4327,-0.350779,2.079608,-0.215512,0.518441,1.085745,0.023191,0.267839
2.660183,2.633239,-3.570476,0.098236,-1.575018,1.922292,1.943564,0.126189
0.301153,-1.656343,-0.721758,-1.238348,-1.480896,0.535796,-0.908755,0.692814
-1.083259,2.67454,-0.375322,-1.164985,0.440789,-0.189596,0.173811,0.459572
-0.648753,-1.47415,-0.432332,0.19116,0.810313,0.85,0.779568,0.18353
-0.434948,-1.186421,-0.861651,-1.169582,-1.993889,-0.620317,-0.800909,1.18092
0.050444,0.488277,0.786615,0.281068,-0.375622,-0.209124,-0.117982,-0.418175
-1.581984,0.979849,0.186693,-0.10452,0.882219,1.871146,0.30881,0.157334
0.595782,-1.681009,-0.896988,-0.750887,-1.5178,-0.559884,-0.208618,0.324809
1.575575,0.728739,0.566388,-0.63051,0.216429,-0.580158,-0.271732,0.257787
-2.895388,-0.659508,-2.205111,-0.086101,-1.580287,0.679636,-0.108164,0.688767
-2.420989,-1.000479,-1.112317,0.423428,0.021664,-0.517716,0.674852,-0.157694
0.334356,2.298033,0.917815,1.5993,-1.017383,0.533045,-0.000267,-0.377025
0.109854,-2.119913,0.422508,-0.198257,-0.541915,0.709442,-0.19025,-0.396855
-0.872605,1.205357,0.64919,0.103931,0.797595,0.772438,0.53876,-1.124464
1.040859,0.315424,1.435042,0.256626,0.094892,-0.227839,0.343371,-0.037521
0.093603,-2.013127,0.49212,-0.750921,-0.393856,0.3464,-0.411153,0.149152
-1.036268,-0.002162,-0.845745,-0.813501,-0.152206,-0.258204,0.634086,-1.251182
-0.642144,0.07689,1.597299,-0.341898,-0.309192,0.116112,-0.638912,-0.188806
0.692759,0.915629,1.130081,-0.306178,0.435845,-1.561994,-0.63479,-0.471544
-0.181337,-0.252473,1.642596,-0.31166,0.313451,0.550462,-0.430386,-0.718911
-0.069227,-1.594784,0.554193,-0.134717,-0.281065,-0.399266,-0.323431,0.199529
0.446079,-1.026863,0.464261,-0.42939,0.538076,-1.191209,0.023224,-0.20728
0.847695,0.438285,-0.41533,-0.885544,-0.097113,-2.336325,0.164866,0.5986
2.310145,0.009749,-0.181033,-0.693702,0.46911,0.103782,-0.39373,0.461342
-0.550926,0.269663,-0.334029,-0.67139,0.219402,-0.240328,1.174795,-0.387594
0.144833,1.421389,-0.10806,-0.708898,0.835497,-0.239599,1.457746,1.542033
-2.438561,-1.304971,-0.259204,-0.760616,1.184496,-0.538568,0.282003,0.168886
0.906189,-1.327873,-0.207519,-0.075012,-0.727145,0.315373,-0.027021,0.189635
1.08319,1.468962,0.162417,0.882921,-0.300014,-1.201846,-0.457904,-1.002081
0.888515,-0.493537,0.841122,-0.121271,0.331021,0.973444,-0.228243,-0.186878
0.467333,-1.420389,0.342804,-0.066653,-0.371128,-1.235644,0.461026,0.043829
0.641997,0.882871,1.397394,1.448951,-0.005899,1.004553,-0.06052,0.109974
0.768255,-1.3051,0.038826,-0.143973,-0.016562,0.24213,-0.618264,0.710119
-0.031982,0.835859,-0.079965,-0.714962,1.711092,-0.276259,-0.111955,-0.469612
-2.798689,0.904009,0.611523,0.952812,0.110345,1.440003,0.211285,0.396033
1.258207,-0.649208,-0.419204,-0.013135,-0.298465,0.763801,-0.481405,0.09908
1.388301,-0.943793,-0.171546,-0.687947,-0.426167,-0.055199,-0.088186,0.105945
-1.419024,2.333798,-0.068809,0.636729,0.841725,-0.711371,0.506123,0.775759
-2.581273,0.472842,0.919273,2.034434,-0.612635,0.45209,-0.746024,1.422036
-0.691522,1.331448,1.685484,1.050456,-1.296024,1.004878,0.172133,0.514505
-1.932041,-1.110092,0.872578,-1.223478,2.124673,-0.152992,0.316712,-0.445256
-0.511463,-1.939053,1.10944,1.85353,1.23494,0.43576,-0.885857,-0.402502
-2.050784,-0.091616,-1.255401,-1.278719,-0.130528,-0.486887,-0.081584,-0.102122
-0.326878,2.598307,-1.261659,-0.969088,-0.054289,-0.345671,0.331612,-0.587226
-0.372062,0.242144,-1.725131,1.302742,1.606808,-0.863413,0.627739,1.071683
-0.069498,-1.351156,1.134988,-0.68562,0.223288,-0.007574,-0.34997,-0.486033
1.486665,-0.234545,0.270603,-0.347873,-0.163643,0.164399,0.325731,-0.181424
-3.361825,-2.649507,-0.444533,-2.289564,-1.305332,-0.50654,0.144777,0.312269
-1.690398,1.4433,0.021871,-0.175913,0.305639,0.427818,0.759378,-0.49091
-1.955053,-1.038982,-0.165842,1.118375,0.871908,-0.532929,0.779446,-0.766151
-0.682611,0.45325,1.532642,0.163682,-0.373302,-0.000643,0.182258,-0.348582
-0.274274,1.294626,-0.415813,-0.859237,1.292024,-0.680988,-0.321827,-1.263724
1.302573,-0.09321,0.610679,-0.818332,1.009993,-0.756249,-0.751888,0.454547
-2.19034,3.127533,-0.185094,-0.973848,0.461082,-1.333877,-0.582119,-0.928985
1.361525,-1.05317,-0.069362,1.140697,0.312388,0.237349,0.197341,-0.016715
-2.400244,1.287272,0.109898,-0.673496,0.978748,0.848005,-0.191133,-0.011234
1.868843,1.821336,0.397039,-0.003053,-0.628987,0.540726,0.229336,0.935633
-1.282233,1.210399,2.047863,0.297785,-2.034169,1.604244,-0.39306,-1.025224
0.501954,-0.673696,0.631801,-0.406388,0.586874,-0.045799,-0.455963,-0.211076
0.573715,0.033794,0.41938,-0.352592,-0.987265,-0.056353,0.213348,0.250831
0.172587,1.322031,-1.124215,-0.553522,0.897226,-0.4407,0.041232,-1.050465
1.320407,-1.026819,0.785933,-0.130482,0.33481,0.083264,0.351015,-0.390694

进程已结束,退出代码0
